initial: 6
0.147397	0.14957	0.164361	0.176764	0.188143	0.173765

transition: 6
0.294269	0.292051	0.0953619	0.0981728	0.110952	0.109193
0.0988061	0.294133	0.287504	0.0986296	0.111329	0.109599
0.0984682	0.0980606	0.287383	0.295761	0.111265	0.109062
0.0951946	0.0948055	0.0930132	0.287179	0.323962	0.105846
0.094888	0.0942611	0.0900874	0.0928877	0.317094	0.310781
0.29121	0.0964274	0.0919444	0.0948293	0.108021	0.317567

observation: 6
0.416809	0.112797	0.0977274	0.0174226	0.195293	0.159951
0.407896	0.122404	0.0974838	0.017112	0.19423	0.160874
0.207877	0.128275	0.102904	0.0172526	0.385292	0.1584
0.209319	0.122882	0.106482	0.0173394	0.387233	0.156744
0.196441	0.0511465	0.0982713	0.0161472	0.357826	0.280168
0.199604	0.047782	0.0970655	0.0158885	0.352684	0.286976
