initial: 6
0.19941	0.201569	0.153151	0.148366	0.146823	0.150681

transition: 6
0.349088	0.320741	0.0770027	0.078546	0.0838635	0.0907586
0.126599	0.349068	0.250059	0.0849951	0.0908957	0.0983832
0.138625	0.128039	0.263881	0.268211	0.0966876	0.104556
0.135708	0.125347	0.0868428	0.264748	0.284743	0.102612
0.132981	0.122628	0.0815135	0.0832266	0.278591	0.30106
0.369329	0.113476	0.0753729	0.0769924	0.0859988	0.278831

observation: 6
0.615479	0.117472	0.0602429	0.0472294	0.072918	0.0866588
0.60986	0.129829	0.0559329	0.047218	0.0741034	0.0830559
0.409283	0.185811	0.0779256	0.0568473	0.161269	0.108864
0.415109	0.176149	0.0830154	0.0568316	0.156573	0.112322
0.407488	0.0752835	0.0820575	0.0575701	0.157154	0.220446
0.405897	0.0694398	0.0850154	0.0556477	0.155918	0.228082
