initial: 6
0.138018	0.148129	0.175443	0.179538	0.186296	0.172577

transition: 6
0.29718	0.286141	0.0894023	0.0938404	0.116349	0.117087
0.0993431	0.295093	0.281377	0.095976	0.113719	0.114492
0.0972128	0.0992636	0.28821	0.292023	0.112319	0.110972
0.0929367	0.0934948	0.0912889	0.281425	0.331715	0.10914
0.0978064	0.0910266	0.0762124	0.0831901	0.327496	0.324269
0.302638	0.0931222	0.0766488	0.0841927	0.111606	0.331791

observation: 6
0.433391	0.0742957	0.0876971	0.0182534	0.209479	0.176884
0.382991	0.14413	0.0831803	0.0169795	0.201487	0.171232
0.184365	0.195736	0.0972467	0.0154152	0.351398	0.155839
0.193147	0.141364	0.11423	0.0165609	0.37884	0.155858
0.205617	0.0323702	0.111677	0.0169841	0.374729	0.258622
0.222863	0.022667	0.103771	0.016543	0.356671	0.277485
