initial: 6
0.204135	0.195619	0.141282	0.156033	0.155789	0.147142

transition: 6
0.352216	0.323569	0.0764009	0.0774476	0.0818638	0.0885027
0.128012	0.352809	0.249361	0.0842605	0.0891653	0.0963919
0.138018	0.126943	0.266487	0.269873	0.0955016	0.103178
0.136081	0.125156	0.0877462	0.266584	0.282642	0.101791
0.132867	0.122213	0.085038	0.086153	0.275831	0.297898
0.368524	0.112984	0.0785721	0.0796105	0.0849774	0.275332

observation: 6
0.61735	0.124807	0.0606883	0.045584	0.0656706	0.0859
0.617414	0.125776	0.0602307	0.0451248	0.0655988	0.0858559
0.410269	0.170506	0.0803371	0.0590503	0.166954	0.112884
0.411417	0.168905	0.0814858	0.0589583	0.165577	0.113656
0.400054	0.0802072	0.0792574	0.0577785	0.16188	0.220823
0.39994	0.0781625	0.0802493	0.0568165	0.161073	0.223759
