initial: 6
0.194161	0.206609	0.167308	0.152937	0.137527	0.141458

transition: 6
0.317624	0.311298	0.0949112	0.0928476	0.0899458	0.0933737
0.108783	0.319988	0.290589	0.0946969	0.0912164	0.0947265
0.116019	0.114503	0.296055	0.28871	0.0907683	0.0939454
0.117411	0.115888	0.100533	0.294051	0.276667	0.0954507
0.114648	0.112416	0.0959801	0.0942363	0.286693	0.296027
0.330037	0.107758	0.0918964	0.0903604	0.0927618	0.287186

observation: 6
0.400429	0.244133	0.061178	0.099304	0.115116	0.0798394
0.401904	0.256855	0.0565628	0.0929715	0.118414	0.0732935
0.240877	0.282373	0.065418	0.0920627	0.243151	0.0761187
0.252452	0.271564	0.0685856	0.0918415	0.234122	0.0814351
0.267381	0.125836	0.0688492	0.0991158	0.245657	0.19316
0.255994	0.121946	0.073192	0.103587	0.244539	0.200741
