initial: 6
0.205404	0.188289	0.139147	0.136079	0.158866	0.172215

transition: 6
0.330218	0.299739	0.0811494	0.084889	0.0995164	0.104488
0.115194	0.320549	0.264297	0.0902622	0.102157	0.10754
0.118472	0.112364	0.275759	0.280305	0.104463	0.108638
0.114949	0.108001	0.0886406	0.272648	0.308874	0.106887
0.11923	0.106041	0.0767765	0.082279	0.302518	0.313155
0.346025	0.101974	0.0732657	0.0789844	0.0974211	0.30233

observation: 6
0.291608	0.0632351	0.02226	0.52832	0.0494465	0.0451302
0.26226	0.114347	0.0197499	0.505788	0.0468344	0.0510214
0.151816	0.173165	0.0263199	0.496153	0.0915829	0.0609627
0.165313	0.130681	0.031758	0.515783	0.0993659	0.0570989
0.189125	0.0356019	0.0341619	0.535297	0.111643	0.0941716
0.197678	0.0260562	0.0338572	0.539602	0.109188	0.0936179
