initial: 6
0.179047	0.180784	0.16043	0.151557	0.159761	0.168422

transition: 6
0.297143	0.313517	0.111312	0.104533	0.0862699	0.0872246
0.0967414	0.306289	0.326331	0.102073	0.0837973	0.0847682
0.0972936	0.103073	0.325826	0.305498	0.0838058	0.0845046
0.102197	0.108278	0.114383	0.321741	0.264505	0.0888942
0.106061	0.111804	0.112997	0.106683	0.28058	0.281874
0.309779	0.108745	0.109493	0.103531	0.0918371	0.276614

observation: 6
0.204574	0.424121	0.129493	0.0159388	0.135405	0.0904679
0.193687	0.457691	0.118464	0.0145862	0.134923	0.0806492
0.0939591	0.454686	0.112413	0.0128844	0.250549	0.0755089
0.0945214	0.438726	0.120173	0.0131561	0.249856	0.0835676
0.111297	0.228588	0.142614	0.0156131	0.284849	0.217039
0.117057	0.212658	0.148653	0.0162301	0.281746	0.223656
