initial: 6
0.190292	0.182441	0.153876	0.155958	0.15759	0.159844

transition: 6
0.323345	0.308701	0.0895798	0.0901394	0.0926633	0.0955718
0.11205	0.320879	0.27861	0.0934188	0.0959959	0.0990462
0.115682	0.110876	0.285924	0.287365	0.0986803	0.101472
0.114569	0.109817	0.0948162	0.285891	0.294107	0.100799
0.114952	0.110027	0.0928568	0.0934737	0.290349	0.298341
0.33282	0.106176	0.0895259	0.0901509	0.0934152	0.287912

observation: 6
0.292713	0.0913882	0.0246029	0.498641	0.0465944	0.0460607
0.289854	0.0996354	0.0243745	0.492178	0.0467339	0.0472244
0.167058	0.115912	0.028461	0.532704	0.102604	0.0532612
0.169977	0.111312	0.0296103	0.533077	0.103094	0.0529291
0.172594	0.0510722	0.0298883	0.539509	0.104705	0.102232
0.174318	0.0481329	0.0300639	0.539546	0.103996	0.103944
